

father_h <- 73
mother_h <- 65
boy_h <- c(72, 70.5, 70.2, 70.2, 69.2)
girl_h <- c(68.7, 66.5, 64.5, 63.5)


# Question 1 


# Question 2 


# Question 3


# Question 4